0.5 0.5 0 0 1.5708 0 0 0
0.510982 0.626365 0.327081 -0.605008 1.34892 0.420792 -0.778346 0.777344
0.729577 1.20486 0.639394 0.681012 1.64998 0.241075 0.992682 1.29557
0.432385 1.4722 0.216997 0.784506 -3.06057 -0.407562 0.0998593 1.03646
0.474433 1.51335 -0.268789 -0.633257 -2.54412 -0.234362 -0.683985 2.07292
0.546584 1.58156 -0.501185 -0.741324 -2.21245 -0.896936 -0.417085 0.259115
0.597399 1.70533 -0.0208322 -0.783677 -1.70224 0.926965 -0.0817314 0.518229
0.630587 2.33599 -0.803726 0.617345 -2.08417 -0.503599 0.901211 1.55469
0.788914 2.48724 -0.909553 0.526108 -2.65478 -0.408439 -0.352132 0.259115
1.2466 2.39952 -0.402383 0.742614 2.1627 0.652476 0.278536 0.777344
1.26734 2.5285 0.559192 -0.645375 1.41958 0.618535 -0.892827 1.55469
1.59936 3.00561 0.0912169 0.624922 0.999301 -0.258022 0.70039 1.8138
1.68845 3.21124 0.486646 0.00764375 1.23226 0.508722 -0.794132 0.777344
1.73694 3.36301 0.743626 0.234247 1.3152 0.991817 0.874578 0.259115
1.74166 3.78766 0.914636 0.356125 1.84243 0.330008 0.235194 0.518229
1.44411 4.37944 0.111571 -0.600557 1.84204 -0.619889 -0.738465 1.29557
1.70659 4.76793 0.724177 -0.756932 0.0210068 0.472872 -0.120706 1.29557
2.13778 4.4946 -0.0483026 0.698732 -0.710365 -0.496899 0.936359 1.55469
2.45289 4.46605 0.701713 0.773774 0.553535 0.723674 0.0724062 1.03646
2.47389 4.32816 -0.823397 0.0752231 1.1518 -0.840883 -0.385152 1.8138
2.42931 3.48298 -0.938384 -0.705582 2.45029 -0.110948 -0.753382 1.03646
2.94949 3.46617 0.337977 0.63907 -2.59983 0.703733 0.741387 1.8138
3.51124 3.72196 -0.871827 0.040861 -2.8622 -0.518806 -0.256533 2.33203
3.69901 3.76737 -0.620164 0.260477 -2.97517 0.971298 0.84761 0.259115
3.86046 3.77683 -0.631205 0.440343 3.07009 -0.0426142 0.694195 0.259115
4.2365 3.63179 -0.941756 0.187733 2.55252 -0.599287 -0.487476 0.518229
4.53586 3.13721 -0.627643 0.696453 1.41791 0.404107 0.654471 0.777344
4.31224 2.79304 0.0913647 -0.737168 0.860157 0.462504 -0.92218 1.55469
4.48859 2.94346 0.0579869 0.7531 0.810931 -0.0107352 0.479309 3.10938
4.49255 3.40804 0.914625 0.52447 2.21265 0.826551 -0.2206 1.03646
4.49027 3.64227 -0.847948 -0.776761 -2.55363 -0.97181 -0.717445 1.8138
4.29335 4.80988 -0.255287 0.769362 -1.71424 0.254154 0.663031 2.33203
4.66664 5.56294 -0.693361 -0.690145 -1.44522 -0.241536 -0.804712 1.8138
4.5924 5.75528 0.375304 0.544246 -0.753241 0.824906 0.95283 1.29557
4.67562 5.69569 -0.177138 0.742563 -0.50309 -0.533039 0.191351 1.03646
4.57673 5.79078 -0.358668 0.781165 -1.0353 -0.35031 0.074493 0.518229
4.52891 5.86241 0.271029 -0.769761 -1.71415 0.34719 -0.855117 1.8138
4.4921 6.26978 -0.908534 -0.13305 -1.29322 -0.910508 0.491479 1.29557
4.34249 6.57432 -0.412855 -0.5701 -0.824619 0.956541 -0.8434 0.518229
4.24229 6.65645 -0.589894 -0.340601 -0.573149 -0.683286 0.885754 0.259115
4.01096 6.7378 -0.368041 -0.674492 -0.0311172 0.428122 -0.644328 0.518229
3.86463 6.71541 0.177016 0.375034 0.390713 0.350609 0.67511 1.55469
3.89762 6.73 0.101481 0.255514 0.438708 -0.291528 -0.461291 0.259115
3.40856 6.84635 -0.816881 0.730729 -1.08443 -0.590738 0.305683 1.55469
3.4373 7.20118 -0.140762 0.370363 -2.10036 0.86983 -0.463613 0.777344
3.65129 7.74176 -0.630471 -0.710361 -1.33958 -0.315007 -0.695178 1.55469
3.472 8.00055 0.219769 0.755764 -0.646405 0.546919 0.943088 1.55469
3.32158 8.17166 -0.662767 0.342486 -1.04316 -0.85154 -0.398763 1.03646
3.26211 8.30479 -0.465032 0.375687 -1.26191 0.763163 0.12814 0.259115
3.25638 8.63428 -0.826673 0.466999 -1.86926 -0.697879 0.17621 0.518229
3.72887 9.36014 -0.524158 -0.590812 -1.77669 0.233512 -0.816527 1.29557
3.4665 9.77002 0.274976 -0.779507 -0.345069 0.181428 -0.0428396 4.40495
3.48197 9.90578 -0.337698 0.775754 -1.4767 -0.197052 0.500213 3.10938
3.67385 10.3944 -0.118857 -0.729982 -1.82849 0.0938465 -0.645712 2.33203
3.46724 11.0568 -0.977515 0.0311664 -1.06614 -0.6628 0.587532 1.29557
3.02587 11.5305 -0.739021 -0.641622 -0.235683 0.306824 -0.865546 0.777344
2.66914 11.3671 0.408865 -0.776872 1.00299 0.443028 -0.0521997 2.59115
3.23682 11.7419 0.478428 0.699821 0.932125 0.0447461 0.949886 1.55469
3.31582 11.9485 -0.191663 -0.576979 1.48263 -0.431037 -0.821304 1.55469
3.31486 11.9309 0.146323 -0.774296 1.51089 0.43482 -0.25385 0.777344
3.63794 12.3646 0.930643 -0.120172 0.616676 0.756774 0.63115 1.03646
4.25929 12.5129 0.360774 -0.702516 -0.451867 -0.549855 -0.561891 1.03646
4.1764 12.5343 -0.526392 -0.781573 -0.0921707 -0.856007 -0.0762805 1.03646
4.50852 12.5538 0.957674 -0.102994 -0.093916 0.954628 0.436498 1.55469
5.08883 12.5809 0.56142 0.642442 0.508316 -0.509782 0.959007 0.777344
5.49987 13.4723 0.988541 -0.284435 1.10851 0.329696 -0.715459 1.29557
5.86729 13.7653 0.909622 -0.681157 0.0666919 -0.152295 -0.765577 0.518229
6.47838 13.3312 0.0885652 0.625364 -0.64544 -0.528146 0.840423 1.55469
6.65758 13.2479 0.422805 0.314294 -0.271819 0.430001 -0.400193 0.777344
6.76722 13.2281 0.0080189 0.697348 -0.0568486 -0.800437 0.739201 0.518229
6.71477 13.2302 -0.065918 -0.708772 0.0147087 -0.0407658 -0.775277 1.8138
6.68876 13.2286 -0.135299 -0.748043 0.108168 -0.267777 -0.151566 0.259115
6.54204 13.1631 -0.495118 -0.7787 0.73711 -0.694364 -0.0591603 0.518229
6.64987 12.2572 -0.08052 0.762757 1.59677 0.123088 0.457636 3.36849
6.69444 12.5024 0.241894 -0.650885 1.13482 0.103697 -0.454664 3.10938
6.71889 12.5461 0.144653 -0.617048 0.98709 -0.375304 0.130595 0.259115
6.60224 12.083 -0.891986 -0.166006 1.56272 -0.800185 0.34816 1.29557
6.67281 11.7501 -0.43871 -0.648881 2.1264 0.874713 -0.931831 0.518229
7.20141 11.3029 -0.639719 0.567061 2.14283 -0.15516 0.93859 1.29557
7.34859 10.5458 -0.221092 -0.739256 2.09263 0.230814 -0.72025 1.8138
7.66083 10.2177 -0.364333 0.607845 2.12359 -0.0921397 0.866525 1.55469
7.44098 10.852 0.882959 -0.198076 1.7751 0.481394 -0.311046 2.59115
7.42546 11.0913 0.975881 -0.440945 1.45249 0.358632 -0.937357 0.259115
7.6329 11.6115 0.110025 0.544269 1.26829 -0.835445 0.950611 1.03646
7.64428 11.6588 0.265641 0.673013 1.40682 0.600603 0.496889 0.259115
7.63663 12.0223 0.297268 -0.619942 1.43265 0.0244126 -0.998035 1.29557
7.72852 12.2705 -0.00434659 0.629046 1.19046 -0.166298 0.688641 1.8138
7.72925 12.2723 0.0195277 0.784994 1.19776 0.0921432 0.601881 0.259115
7.73973 12.303 0.105566 0.355437 1.27356 0.166034 -0.82894 0.518229
7.75416 12.3614 0.359099 0.521834 1.39129 0.978514 0.642211 0.259115
7.74375 12.8105 0.79931 -0.245248 1.56318 0.566333 -0.986855 0.777344
7.73289 13.5087 0.294889 0.737317 2.1014 -0.389364 0.758445 1.29557
7.93162 13.4606 -0.462679 -0.75036 3.09934 -0.324872 -0.637968 2.33203
8.01792 13.4477 0.362375 0.673611 -2.48672 0.530717 0.915973 1.55469
8.45013 13.579 -0.959407 0.332804 3.06912 -0.850239 -0.219225 1.55469
8.86794 13.3255 -0.362668 0.698002 1.96299 0.767708 0.469829 0.777344
8.8877 13.2578 -0.182606 0.537873 1.75774 0.69495 -0.618021 0.259115
8.89039 13.2418 0.0569158 0.716267 1.716 0.924439 0.688514 0.259115
8.88086 13.2885 -0.0160018 -0.677761 1.80841 -0.0312696 -0.597808 2.33203
8.88371 13.2776 -0.0709535 -0.662153 1.84398 -0.212087 0.0602386 0.259115
9.05083 13.6143 0.870457 -0.771334 0.334899 0.908346 -0.105346 1.03646
9.51617 13.4454 -0.202657 0.593776 -0.735628 -0.690283 0.87811 1.55469
10.0857 13.2994 0.984728 0.269756 0.153012 0.763788 -0.208427 1.55469
10.6655 13.4798 -0.202206 -0.679862 0.246084 -0.763498 -0.610844 1.55469
11.2824 13.2438 0.969479 -0.279557 -0.861332 0.646019 0.220712 1.8138
11.4412 12.6946 -0.394258 -0.784229 -1.6488 -0.65792 -0.243474 2.07292
11.4973 12.3699 0.817625 0.209716 -1.35137 0.779546 0.639358 1.55469
11.6187 11.8268 0.261927 -0.601857 -1.65483 -0.536181 -0.783069 1.03646
11.5695 11.6792 0.344843 -0.727214 -2.15142 0.160008 -0.241908 0.518229
11.326 11.5284 0.790828 -0.498438 -2.95795 0.860644 0.441481 0.518229
10.4437 11.702 0.959723 0.361122 3.11143 0.162963 0.829372 1.03646
9.69318 11.6423 0.508028 -0.656248 2.78656 -0.435831 -0.981639 1.03646
8.95781 12.4925 0.491185 0.737328 2.99331 -0.00722299 0.597614 2.33203
8.82137 12.4776 0.580331 0.767313 -2.76968 0.344062 0.115726 0.259115
8.53421 11.5773 0.954456 -0.22494 -1.73843 0.288788 -0.765922 1.29557
8.43708 11.005 0.173281 0.727578 -1.37476 -0.753739 0.919064 1.03646
8.68781 10.7047 0.864734 0.336708 -0.503747 0.889558 -0.502856 0.777344
8.98974 10.6301 -0.377423 0.765014 -0.0341358 -0.958825 0.33061 1.29557
8.91076 10.631 0.280912 -0.691758 -0.608012 0.423476 -0.937072 1.55469
8.91969 10.6743 -0.302894 0.157026 -1.05649 -0.225321 0.327589 2.59115
8.93291 10.6363 0.405882 -0.586783 -1.24108 0.911843 -0.956914 0.777344
8.94698 10.3977 0.52648 -0.36871 -1.73813 0.232726 0.420828 0.518229
8.95241 10.3592 -0.459196 0.622543 -2.08085 -0.951058 0.956438 1.03646
9.60523 10.0158 -0.978407 0.574107 1.17359 -0.333983 -0.0311568 1.55469
9.44354 9.82292 -0.99086 0.447161 0.601094 -0.0480655 -0.48995 0.259115
8.65499 9.59311 -0.0753062 -0.778548 0.586837 0.588932 -0.78844 1.55469
8.3184 8.75604 -0.36772 0.280206 1.13808 -0.0705359 0.255392 4.14584
8.29735 8.7153 0.249657 0.680547 1.12342 0.794258 0.51504 0.777344
8.49021 8.29917 -0.507145 -0.716644 2.58853 -0.208635 -0.385177 3.62761
9.01819 8.33307 -0.909014 -0.149664 -2.71561 -0.517007 0.729422 0.777344
9.23266 8.44479 -0.958283 -0.0370477 -2.6254 -0.190154 0.434645 0.259115
10.36 8.56223 -0.252405 0.769698 2.0763 0.340543 0.389206 2.07292
10.3881 8.31436 -0.238787 0.409675 1.38168 0.0131404 -0.347378 1.03646
10.4218 8.39638 0.409682 -0.619528 1.09365 0.625693 -0.993056 1.03646
10.4722 8.46822 0.269832 -0.727441 0.814361 -0.539752 -0.41649 0.259115
10.4506 8.50272 -0.27273 0.689998 0.14625 -0.23267 0.607847 2.33203
11.0718 8.66421 0.893961 -0.0848713 0.283773 0.562858 -0.373827 2.07292
11.6468 8.99873 0.879691 0.680739 1.17577 -0.0183593 0.984961 0.777344
11.3225 9.56322 0.985734 0.318887 2.76913 0.136425 -0.465524 0.777344