0.5 0.5 0 0 0 0 0 0
0.644381 0.527417 0.190913 0.999673 0.508726 0.122616 0.642051 1.55721
0.702811 0.578264 0.409792 0.807846 0.898269 0.843466 -0.739217 0.259536
0.750901 0.681608 0.47686 0.785579 1.36875 0.258451 -0.0858087 0.259536
0.552075 1.18411 -0.00285519 -0.896072 1.94956 -0.205402 -0.720039 2.33582
0.35199 1.6109 0.417999 0.879148 2.62779 0.180199 0.760103 2.33582
0.306843 1.62889 -0.292517 1.00611 2.82968 -0.912672 0.163092 0.778607
0.362121 1.59741 -0.201329 1.03188 2.41398 0.351397 0.099269 0.259536
0.320441 1.82517 0.427688 -1.01578 1.26327 0.302995 -0.986345 2.07629
0.661535 2.02047 0.366424 0.00609865 0.198137 -0.0590213 0.984465 1.03814
0.730325 2.03468 0.174953 0.126593 0.214823 -0.737845 0.464332 0.259536
0.398386 2.09526 -0.847503 0.709586 -0.681436 -0.985025 0.561651 1.03814
0.306588 2.28603 -0.847461 0.933599 -1.63587 0.000160121 0.86325 0.259536
1.55103 2.23445 -0.376925 -0.903913 -2.58157 0.201471 -0.786775 2.33582
1.44036 2.24103 0.46469 -1.03366 2.8356 0.360358 -0.0555551 2.33582
1.65832 2.72959 0.964031 -0.490691 0.0512004 0.481061 0.523094 1.03814
2.01252 2.45497 0.330935 -0.953887 -1.6443 -0.813225 -0.594985 0.778607
1.6626 2.25211 0.844937 -0.591404 2.91156 0.660246 0.465617 0.778607
1.24469 2.5827 -0.389 1.02575 1.58335 -0.528339 0.692422 2.33582
1.64429 2.8475 0.862438 -0.804739 -0.0871566 0.602812 -0.881737 2.07629
1.81187 2.73825 0.751621 -0.984335 -1.13383 -0.427038 -0.692085 0.259536
1.76609 2.54603 0.897183 -1.03805 -2.50352 0.560932 -0.207013 0.259536
1.68283 3.4723 0.0525226 0.94119 1.55712 -0.325495 0.762715 2.59536
1.41642 4.36022 0.998052 -0.64309 1.21278 0.520523 -0.872161 1.81675
1.5782 4.52557 0.846255 -0.865507 0.311829 -0.58496 -0.857098 0.259536
1.57905 4.20806 0.574896 -1.04154 2.4559 -0.261425 -0.169591 1.03814
1.97529 4.74063 0.990314 -0.149781 0.214506 0.40021 0.859114 1.03814
2.66415 4.38862 0.420644 -0.913677 -1.82421 -0.439052 -0.588744 1.29768
2.33612 4.69279 0.964639 -0.738067 0.629276 0.419264 0.135345 1.29768
2.44242 4.69451 -0.831411 -0.918922 0.532123 -0.988742 -0.0995627 1.81675
2.45255 4.65065 -0.553775 -1.03728 0.622959 0.178315 -0.0760149 1.55721
2.30915 4.54155 0.443813 0.819114 2.30934 0.480534 0.894216 2.07629
2.18757 4.60652 0.642221 0.983519 3.03314 0.764577 0.633543 0.259536
2.34303 4.64002 -0.859173 0.62794 2.9073 -0.964287 -0.228374 1.55721
2.54385 4.51756 -0.98071 0.488372 2.31177 -0.468347 -0.537833 0.259536
3.30742 3.31769 -0.833924 -0.898023 -2.45887 0.0808066 -0.763223 1.81675
3.35942 3.5263 -0.95681 -1.03384 -1.10353 -0.473548 -0.523392 0.259536
3.26387 3.23218 -0.528178 -0.822513 -3.13678 0.41294 0.203593 1.03814
3.57129 3.44563 -0.978123 -0.364607 -2.10722 -0.866945 0.882287 0.519071
3.514 3.92367 -0.412606 -1.00306 -0.400068 0.726419 -0.820109 0.778607
3.79095 3.75948 0.84077 -0.417104 -0.905075 0.804994 0.376337 1.55721
3.99838 3.68745 -0.740968 0.952687 -2.39323 -0.870761 0.754082 1.81675
4.20202 3.73501 -0.933865 0.716484 2.92952 -0.743342 -0.910222 0.259536
4.33608 3.35597 -0.988475 0.953232 0.698058 -0.105222 0.456163 0.519071
4.12794 3.34922 -0.74853 1.02499 -0.669904 0.924644 0.27654 0.259536
4.0652 3.54171 -0.889077 0.77418 -1.74682 -0.541605 -0.966531 0.259536
4.31238 3.73638 0.439815 1.01128 -3.08247 0.853495 0.15228 1.55721
4.21679 3.69539 0.378322 1.03939 -2.38319 -0.236967 0.108335 0.259536
4.21164 3.79051 -0.488866 -0.251334 -1.76627 -0.556961 -0.828983 1.55721
4.65891 4.47834 -0.95403 0.883096 2.84473 -0.358508 0.87432 1.29768
4.57504 4.13218 -0.518491 1.03473 -0.389297 0.55946 0.194772 0.778607
4.79037 4.49187 -0.169671 0.599884 2.92946 0.192028 -0.239385 1.81675
5.15545 4.31545 -0.875834 -0.103008 2.6387 -0.907081 -0.902879 0.778607
5.36481 4.20281 -0.956562 0.142054 2.61832 -0.31109 0.94436 0.259536
5.73038 3.8605 -0.997756 0.378676 2.07335 -0.0793706 0.45592 0.519071
6.01353 3.70855 0.904398 -0.565463 0.638066 0.814452 -0.404256 2.33582
6.33239 3.99825 -0.7099 1.03932 -1.63166 -0.6912 0.687127 2.33582
6.62365 4.1432 -0.971027 0.855963 2.45274 -0.143753 -0.100941 1.81675
6.71176 3.9151 -0.987715 0.651596 1.49274 -0.0643084 -0.787542 0.259536
6.61222 3.72249 -0.736494 0.891486 0.624356 0.968096 0.924432 0.259536
6.62591 3.73312 0.758831 0.89092 0.709327 0.960389 -0.000363965 1.55721
6.39974 4.51957 0.976489 -0.141755 2.19542 0.20969 -0.99487 1.03814
6.27418 4.74198 0.997581 -0.35222 1.93566 0.0812802 -0.811039 0.259536
6.54594 5.31187 0.160044 -0.967856 -0.145238 -0.645501 -0.474479 1.29768
6.65207 4.98808 0.908272 -0.877066 -2.29655 0.961115 0.116622 0.778607
6.46322 4.92859 0.700854 -0.988987 2.86208 -0.799299 -0.431294 0.259536
6.32803 5.07663 0.91421 -0.787031 1.83197 0.822183 0.778251 0.259536
6.5978 5.55559 -0.355986 0.939506 0.247277 -0.611848 0.831665 2.07629
6.46728 5.85327 0.985693 1.00047 -2.5393 0.738607 0.0335625 1.81675
6.72932 5.81361 -0.684204 0.934253 2.08755 -0.357503 -0.0141766 4.67164
6.71698 5.62577 -0.8587 1.03028 0.880052 -0.672431 0.370026 0.259536
6.47476 6.30967 0.18758 -0.975223 -2.10666 0.335992 -0.644026 3.11443
6.2287 6.5146 0.912242 -1.00429 0.674469 0.698133 -0.0279997 1.03814
6.31516 6.60314 -0.844569 -0.798436 -0.214858 -0.96714 0.113323 1.81675
6.11762 6.54289 -0.829575 -0.996529 0.88304 0.0577801 -0.763365 0.259536
6.60768 6.0045 0.013203 0.835896 2.59531 0.405962 0.882671 2.07629
6.63819 5.98147 -0.160789 0.979076 2.38694 -0.335244 0.275876 0.519071
6.31374 6.87965 0.981193 -0.861994 0.311671 0.400064 -0.644971 2.85489
6.37962 6.86615 -0.900974 -0.922823 0.0995014 -0.906631 -0.0293011 2.07629
6.2624 6.56342 0.276977 -1.03274 2.3299 0.907862 -0.0847164 1.29768
6.66038 7.37979 0.124039 1.04701 1.68655 -0.0310186 0.421813 4.93118
6.40251 7.63307 0.847834 0.321513 2.77465 0.929729 -0.931913 0.778607
5.9469 7.4905 0.556708 1.04626 -1.67988 -0.373957 0.930952 0.778607
6.31884 7.57269 0.693481 0.789051 1.73024 0.131766 -0.247791 1.03814
6.24341 7.7066 0.519193 0.960044 2.48136 -0.67163 0.658929 0.259536
5.48113 7.57487 0.367054 -0.838354 2.9585 -0.0837536 -0.990034 1.81675
5.31291 7.71296 0.216441 -0.835487 1.95095 -0.193467 0.00368209 0.778607
5.34183 7.67131 -0.314102 -1.02394 2.32275 -0.51112 -0.181554 1.03814
4.98346 7.48794 0.637582 1.02622 -1.75393 0.366737 0.790042 2.59536
4.71626 7.63539 -0.934036 -0.224584 -0.684574 -0.86519 -0.688579 1.81675
4.41535 7.85883 0.35579 1.00691 -0.500215 0.994085 0.949131 1.29768
4.4192 8.14634 0.912085 0.991723 -2.7 0.53593 -0.0146334 1.03814
4.52721 7.81582 0.995458 0.921875 0.109413 0.160641 -0.134581 0.519071
4.68155 7.97355 0.860158 1.03745 1.54505 -0.521388 0.445374 0.259536
4.78131 8.4895 -0.976436 0.0484416 -2.54601 -0.643403 -0.346473 2.85489
5.40469 8.59095 -0.346283 0.997065 2.27606 0.607084 0.913896 1.03814
5.37405 8.32844 -0.784666 0.876175 0.700708 -0.844668 -0.232929 0.519071
5.02465 8.46859 -0.985658 0.84853 -1.442 -0.387268 -0.053266 0.519071
5.08201 8.46828 0.940667 0.943841 -1.31481 0.674838 0.0333898 2.85489
6.50161 8.7076 0.879521 -0.850006 -0.800106 -0.0336615 -0.98753 1.81675
6.59264 8.76169 -0.930476 -0.441001 -1.37648 -0.99642 0.225161 1.81675
6.49802 9.05821 0.543 0.906055 -0.493188 0.946356 0.865161 1.55721
6.7518 9.17433 0.721801 1.03574 1.4474 0.344512 0.249875 0.519071
6.71554 9.61911 -0.67577 -1.01237 -1.59998 -0.538563 -0.789251 2.59536
6.6496 9.90957 0.528413 0.879745 0.691609 0.5156 0.810153 2.33582
6.71692 10.3661 -0.154838 -0.988585 1.90986 -0.263295 -0.719973 2.59536
6.65486 10.8119 0.850751 0.196376 1.71175 0.775021 0.913265 1.29768
6.60481 11.9524 -0.0115517 -0.996777 0.64513 -0.302085 -0.41799 2.85489
7.15315 11.5821 -0.979424 -0.474052 -2.4203 -0.46622 0.251794 2.07629
7.58746 12.239 -0.247832 0.804939 -2.58343 0.563847 0.985735 1.29768
7.55103 12.259 0.281308 -0.874527 3.05915 0.291296 -0.924562 1.81675
7.28576 12.727 0.877028 -0.385925 1.40845 0.573912 0.470715 1.03814
7.59633 13.4031 -0.45717 0.986567 -0.117084 -0.395494 0.406845 3.37396
8.06804 13.3639 0.995225 0.208977 0.241122 0.799557 -0.428071 1.81675
8.54955 13.4908 -0.52241 -0.966682 0.938132 -0.731038 -0.56631 2.07629
8.66132 13.236 -0.789757 -1.04165 3.09449 -0.515119 -0.144453 0.519071
9.32176 13.2515 0.925917 0.703128 0.210776 0.601042 0.611239 2.85489
9.50853 13.3987 0.978303 0.828838 1.16494 0.201872 0.48443 0.259536
9.15472 13.574 0.257017 1.01343 -1.84314 -0.694881 0.177836 1.03814
9.60757 13.2765 0.985036 0.413242 0.233809 0.701368 -0.578216 1.03814
10.265 13.6822 -0.235197 -1.01433 0.574286 -0.587781 -0.687654 2.07629
10.2933 13.3331 -0.827385 -0.773203 2.56257 -0.760678 0.309729 0.778607
10.5664 13.311 0.520012 -0.516939 -2.54268 0.741755 0.141076 1.81675
10.4207 13.2553 0.0882658 -1.00842 -3.09705 -0.831881 -0.946973 0.519071
11.1999 13.5653 -0.902679 0.401198 -3.02035 -0.477333 0.679006 2.07629
11.6044 13.459 -0.749871 0.445707 2.49096 0.294427 0.0857605 0.519071
11.7307 13.3126 -0.752499 0.579479 2.05125 -0.0101269 0.515497 0.259536
11.773 13.1372 -0.652087 0.612367 1.55723 0.386943 0.126736 0.259536
11.7208 12.9456 -0.893031 0.467899 1.07935 -0.928493 -0.556717 0.259536
11.4367 12.6347 0.24062 -0.825689 0.714121 0.87372 -0.996984 1.29768
11.6398 12.6717 0.0957024 -1.04337 -0.441462 -0.11169 -0.167766 1.29768
11.6743 12.6503 0.217566 -0.796756 -0.650802 0.469608 0.950326 0.259536
11.7242 12.5973 0.346077 -0.926074 -0.996094 0.495228 -0.498336 0.259536
11.7536 12.509 0.379015 -0.942652 -1.50548 0.126928 -0.0638857 0.259536
11.7352 12.4076 -0.1122 -0.361503 -1.96087 -0.630977 0.746498 0.778607
11.5057 12.0555 0.925709 -0.122658 -2.28869 0.999912 0.230101 1.03814
11.2293 11.7223 -0.256602 0.925687 -2.15332 -0.911222 0.807973 1.29768
11.4582 11.831 -0.759772 0.617284 3.14085 -0.969499 -0.594226 0.519071
11.7002 11.6776 -0.425844 1.02832 1.82553 0.643406 0.791976 0.519071
10.8121 11.42 -0.954929 -0.142729 -0.115124 -0.339811 -0.752118 1.55721
10.0566 11.4009 -0.990259 0.00713845 0.0895259 -0.0453813 0.192508 0.778607
9.89328 11.4007 0.833666 0.0979745 0.170314 0.878576 0.0437553 2.07629
9.72525 11.7314 -0.950806 0.460516 -0.931576 -0.491184 0.0997913 3.6335
9.29139 12.3952 0.740098 -1.04102 2.20759 0.501231 -0.445097 3.37396
9.14163 12.4221 -0.756523 0.368006 0.788036 -0.961221 0.904961 1.55721
9.00476 12.3121 -0.598678 0.171109 0.590134 0.608267 -0.758754 0.259536
8.57788 12.2026 -0.105609 0.929184 -0.374511 0.380015 0.584258 1.29768
8.42508 12.5023 -0.822737 0.619838 -1.69659 -0.921166 -0.397362 0.778607
8.74592 12.7335 -0.940556 0.936779 2.73852 -0.227011 0.610677 0.519071
8.3348 11.7518 -0.248118 -0.828498 1.34744 0.333544 -0.850326 2.07629
8.55328 10.9372 -0.235209 0.975476 1.01826 0.00355342 0.496552 3.6335
8.54028 10.8336 0.208527 -0.943462 -0.278939 0.12214 -0.528197 3.6335
9.30567 10.2836 0.770352 0.903805 0.488051 0.270629 0.88982 2.07629
9.34015 10.0504 -0.991974 0.0737565 1.24154 -0.970177 -0.456949 1.81675
8.72997 9.53796 -0.166387 1.00224 -0.557725 0.530242 0.596328 1.55721
8.7415 9.42075 0.235503 -0.900682 -1.52046 0.129059 -0.611086 3.11443
8.73552 9.36101 -0.00327373 -0.868919 -1.81825 -0.460071 0.0612003 0.519071
8.74039 9.38974 -0.221556 -0.998302 -1.65304 -0.841166 -0.498586 0.259536
8.71586 8.70253 0.985587 0.47135 -1.24884 0.664544 0.809057 1.81675
9.08038 8.42559 -0.225562 0.955264 0.0579288 -0.933448 0.372959 1.29768
9.03588 8.42897 -0.119522 1.04228 -0.218117 0.408631 0.335307 0.259536
9.22861 8.6973 0.200125 0.935327 2.26329 0.0267778 -0.00895944 11.9386
9.1842 8.29926 -0.691419 0.667463 0.700537 -0.490803 -0.147462 1.81675
8.86624 8.30148 -0.674825 1.00822 -0.90773 0.0319732 0.656564 0.519071
8.92666 8.53706 -0.411124 1.04329 -2.76165 0.508094 0.067582 0.519071
9.50182 8.24688 -0.2346 -0.913394 2.95037 0.085031 -0.942528 2.07629
9.60987 8.25181 0.0245935 -0.396196 -2.90897 0.249705 0.498265 1.03814
9.71779 8.29979 -0.483167 -0.860502 -2.4891 -0.978345 -0.894616 0.519071
9.72497 8.59858 -0.189257 -1.03934 -0.576121 0.283151 -0.172293 1.03814
10.1823 8.31534 0.884283 0.490237 -0.267409 0.689493 0.982389 1.55721
11.3083 8.32998 0.254324 -1.00679 -1.03084 -0.303449 -0.721111 2.07629
11.3272 7.61413 0.457439 0.917979 -0.886107 0.0978399 0.927153 2.07629
11.3424 8.22346 0.488525 0.389729 2.99925 0.0119791 -0.203564 2.59536
11.2394 8.23039 0.307749 0.251433 3.13912 -0.696633 -0.532933 0.259536
11.5685 8.34545 -0.854537 -0.592739 -2.42843 -0.895789 -0.650614 1.29768
11.7361 9.01911 0.239518 0.804971 -1.45042 0.468446 0.598463 2.33582
11.7416 8.99011 -0.0119088 0.995272 -1.31117 -0.96889 0.733336 0.259536
11.5763 9.77302 -0.722802 -0.867618 -0.347373 -0.304386 -0.79764 2.33582
11.2364 9.78901 0.502339 1.00071 1.77251 0.524573 0.799968 2.33582
10.9488 9.87275 0.900478 0.94412 -2.38536 0.767127 -0.109031 0.519071