0.5 0.5 0 0 1.5708 0 0 0
0.392936 1.0154 0.456927 0.354299 2.08725 0.195946 0.151936 2.33203
0.338531 1.09662 0.298364 0.374699 2.23627 -0.611975 0.0787349 0.259115
0.303012 1.13834 0.124688 0.276451 2.31199 -0.670304 -0.379192 0.259115
0.282478 1.16017 -0.00900354 -0.0233079 2.33443 -0.257993 -0.578461 0.518229
0.295716 1.14632 -0.138915 0.0776324 2.33121 -0.501396 0.38958 0.259115
0.413218 1.0219 -0.521572 -0.0747191 2.34029 -0.738434 -0.294001 0.518229
0.645654 0.81857 0.123539 -0.457004 2.54326 0.414969 -0.245906 1.55469
0.467942 1.00221 0.372408 -0.2665 2.17168 0.240128 0.183814 1.03646
0.37872 1.18818 0.42776 -0.518324 1.82348 0.106817 -0.48596 0.518229
0.382148 1.43911 0.551418 -0.418805 1.31196 0.238628 0.192049 0.518229
0.44217 1.5915 0.71506 -0.196527 1.10593 0.631581 0.857882 0.259115
0.531596 1.74923 0.684939 -0.0226262 1.02546 -0.116254 0.671174 0.259115
0.623018 1.90088 0.68192 0.0692482 1.04196 -0.0116518 0.35459 0.259115
0.694756 2.03229 0.473987 0.160352 1.10942 -0.802518 0.351617 0.259115
0.785829 2.33669 0.349485 0.480322 1.52667 -0.160172 0.411643 0.777344
0.69932 2.65301 0.164082 0.323165 2.10825 -0.143113 -0.12131 1.29557
0.678753 2.6853 0.131418 0.4743 2.17241 -0.126071 0.583311 0.259115
0.656734 2.71471 -0.090884 0.554013 2.24137 -0.122568 0.0439501 1.8138
0.535409 2.88205 0.268206 -0.247813 2.13903 0.15399 -0.343851 2.33203
0.441385 3.09483 0.333229 -0.436085 1.80155 0.0836524 -0.242214 0.777344
0.468114 3.70056 0.450652 0.173281 1.50737 0.0755321 0.391976 1.55469
0.4851 3.96177 0.560179 -0.326611 1.41553 0.211362 -0.96467 0.518229
0.570402 4.26449 0.655044 0.0799468 1.26401 0.183066 0.784558 0.518229
0.655868 4.80256 -0.185001 0.468239 1.61271 -0.360241 0.166513 2.33203
0.656295 4.77152 0.0651848 0.139601 1.55767 0.482798 -0.634191 0.518229
0.736736 5.18932 0.351644 -0.584879 0.991865 0.138199 -0.349518 2.07292
0.949418 5.36626 0.729026 -0.336976 0.452337 0.728255 0.478393 0.518229
1.11251 5.4262 0.614024 -0.158073 0.274066 -0.443852 0.690479 0.259115
1.75832 5.4362 0.396838 -0.281226 -0.299302 -0.167647 -0.0950621 1.29557
1.99536 5.34789 0.254173 0.287669 -0.317327 -0.183538 0.731886 0.777344
2.04385 5.33397 0.13531 0.532576 -0.232054 -0.458754 0.945219 0.259115
2.1107 5.32323 0.387767 0.435776 -0.0920511 0.97436 -0.373601 0.259115
2.28328 5.32703 0.279416 0.0470954 0.088312 -0.209091 -0.750058 0.518229
2.60778 5.37352 0.564656 0.135842 0.215369 0.366962 0.114174 0.777344
2.986 5.4485 -0.0675864 -0.77761 0.0102845 -0.406691 -0.587581 1.55469
2.98704 5.44854 0.0716061 -0.593186 0.0142985 0.268608 0.355894 0.518229
3.01723 5.44763 0.161601 -0.69662 -0.07799 0.347335 -0.399206 0.259115
3.34653 5.18401 0.694167 -0.458621 -1.17918 0.513861 0.22964 1.03646
3.384 4.51694 0.605005 0.224646 -1.53065 -0.0860305 0.65927 1.03646
3.49778 4.05091 0.326212 0.151046 -1.15622 -0.269001 -0.0710154 1.03646
3.52252 3.99743 -0.0987564 0.200553 -1.11808 -0.820085 0.0955375 0.518229
3.74921 3.61984 0.584839 0.0409097 -0.970742 0.376907 -0.088021 1.8138
4.10254 3.26655 0.391309 0.499994 -0.4324 -0.186733 0.442961 1.03646
4.6633 3.5945 0.609699 0.647072 1.60686 0.14048 0.0946081 1.55469
4.46843 3.95459 -0.0704045 -0.224382 2.32866 -0.437478 -0.560565 1.55469
4.64984 3.80985 -0.186518 -0.383388 2.63388 -0.0640202 -0.0876691 1.8138
4.53653 4.30899 0.528685 -0.688372 0.915996 0.212334 -0.0905454 3.36849
4.80684 4.46589 0.700195 -0.282989 0.247257 0.330972 0.782289 0.518229
5.46087 4.41839 0.325995 -0.111831 -0.314721 -0.288846 0.132118 1.29557
5.62633 4.36047 -0.100457 0.246573 -0.346976 -0.274316 0.230544 1.55469
5.49905 4.42828 -0.458872 0.697063 -0.685058 -0.691654 0.869336 0.518229
5.38587 4.76 -0.959804 0.571322 -1.75196 -0.966677 -0.242649 0.518229
5.65379 5.08856 -0.738575 0.400152 -2.69251 0.426919 -0.330316 0.518229