0.5 0.5 0 0 1.5708 0 0 0
0.496379 0.602254 0.157772 0.31943 1.65982 0.121597 0.246189 1.29768
0.495014 0.601067 -0.158921 0.53503 1.60781 -0.174342 0.11869 1.81675
0.308657 1.40207 0.952967 -0.128663 1.76825 0.535591 -0.319698 2.07629
0.25578 1.89822 0.329986 0.0158267 1.63178 -0.800232 0.1856 0.778607
0.250864 1.97265 0.244957 0.0720545 1.64449 -0.327663 0.216678 0.259536
0.243553 2.09604 0.231445 -0.323484 1.5821 -0.0260358 -0.762117 0.519071
0.261138 2.25552 0.181888 -0.439043 1.3255 -0.0636575 -0.148438 0.778607
0.283503 2.32254 0.363253 -0.58583 1.16292 0.698905 -0.565653 0.259536
1.4564 3.32584 0.371559 0.804949 2.09192 0.00177809 0.297748 4.67164
1.66606 3.38922 -0.528964 -0.972467 -2.58412 -0.38558 -0.761043 2.33582
1.7444 3.50121 -0.552791 -0.941957 -1.78693 -0.0918166 0.117572 0.259536
1.55743 3.85042 -0.0868311 0.238499 -0.779904 0.359121 0.909793 1.29768
1.53272 3.87596 -0.18709 0.39286 -0.827921 -0.386353 0.594842 0.259536
1.50341 3.91027 -0.160787 0.352754 -0.898649 0.101361 -0.154551 0.259536
1.54977 4.55112 -0.537646 0.632887 -2.56403 -0.181531 0.134939 2.07629
2.77918 3.55584 -0.688661 -0.231565 2.32999 -0.0529041 -0.302838 2.85489
3.14696 3.32143 0.121798 -0.465513 2.86293 0.520526 -0.150256 1.55721
3.18636 3.31554 -0.198582 -0.90461 3.08043 -0.30865 -0.423022 1.03814
3.37487 3.36894 -0.566459 -0.39659 -2.62971 -0.708819 0.978845 0.519071
3.47177 3.43547 -0.34048 -0.286585 -2.45975 0.870824 0.42391 0.259536
3.51336 3.47159 -0.0841724 -0.314139 -2.39215 0.987697 -0.106181 0.259536
3.75982 3.63028 -0.377184 0.952483 -3.06103 -0.225828 0.976202 1.29768
3.65513 3.33299 -0.700659 0.970615 -0.794252 -0.249306 0.013975 1.29768
3.65281 3.33844 0.692231 0.980614 -0.810018 0.894599 0.00642161 1.55721
4.0483 3.40542 0.461428 0.408332 0.82143 -0.296472 -0.735108 0.778607
4.10669 3.49787 -0.319896 0.952885 0.811003 -0.501814 0.349745 1.55721
4.41245 3.74432 0.824812 -0.205239 0.637087 0.735201 -0.743818 1.55721