0.5 0.5 0 0 1.5708 0 0 0
0.533989 0.971462 0.912094 -0.142137 1.39064 0.878703 -0.136934 1.03814
0.628507 1.36057 0.631314 0.0875351 1.33551 -0.541002 0.442528 0.519071
0.65867 1.4664 -0.46243 -0.333907 1.48474 -0.842963 -0.324811 1.29768
0.692635 1.1941 -0.248284 -0.435079 1.92639 0.275076 -0.129958 0.778607
0.68769 1.20026 0.267876 0.329547 2.03056 0.663018 0.982179 0.778607
0.527277 1.42465 0.44334 0.204577 2.32784 0.225387 -0.160527 0.778607
0.469966 1.48282 -0.286058 -0.0788329 2.42063 -0.702696 -0.273034 1.03814
0.339232 1.70387 0.68706 -0.596124 1.79691 0.749995 -0.398683 1.29768
0.497878 2.37469 0.210886 0.556725 1.42877 -0.305828 0.74043 1.55721
0.454454 2.96323 0.296908 -0.50944 1.41499 0.0368326 -0.456504 2.33582
0.485214 3.06629 0.53474 -0.630637 1.13431 0.9165 -0.46704 0.259536
0.595212 3.20384 0.149804 -0.466526 0.683647 -0.741687 0.316207 0.519071
0.426575 2.88441 -0.626665 -0.508566 1.49288 -0.498696 -0.0270005 1.55721
0.533332 2.59669 -0.601954 -0.769883 2.4476 0.0476126 -0.503502 0.519071
0.875132 2.5518 -0.784512 -0.458905 -2.82272 -0.351749 0.599186 0.519071
1.05689 2.64975 -0.813707 -0.281637 -2.50028 -0.112503 0.683114 0.259536
1.4446 3.81108 -0.601517 -0.118251 -1.43404 0.116812 0.0899458 1.81675
1.41483 3.88837 0.544302 -0.240179 -1.5122 0.401408 -0.0427145 2.85489
1.64764 4.41347 -0.943176 0.222501 -2.15372 -0.521099 0.162088 2.85489
2.0422 4.6769 -0.963384 0.691012 3.13211 -0.0389367 0.902719 0.519071
2.08361 4.25196 -0.90293 1.02158 -0.279078 0.0776539 0.424622 0.778607
2.01748 4.61258 -0.758083 0.631736 -2.22774 0.279089 -0.751145 0.519071
2.40173 4.22587 -0.261762 0.84929 0.29505 0.239076 0.104795 2.07629
2.19397 4.2658 -0.302963 0.805386 -0.660566 -0.0529242 -0.0563962 0.778607
2.31118 4.12137 0.541416 -0.14339 -0.877669 0.542312 -0.609361 1.55721
2.89112 3.51373 0.766461 0.361832 -0.446837 0.173445 0.389381 1.29768
3.74165 3.48933 0.344091 -0.100405 0.120472 -0.271272 -0.296877 1.55721
4.67904 3.65483 0.224584 0.327906 0.506852 -0.0354252 0.126963 3.37396
4.54284 3.64535 -0.438706 1.01519 -0.312277 -0.511207 0.529701 1.29768
4.45822 3.70686 -0.380134 0.899912 -0.919948 0.225712 -0.444238 0.259536
4.42218 3.78551 -0.292122 0.908949 -1.36347 0.33916 0.0348237 0.259536
4.97315 4.28996 -0.963779 0.0409711 -2.84531 -0.517655 -0.668962 1.29768
5.33834 4.42596 -0.541383 -0.364167 -2.61764 0.813864 -0.780613 0.519071
5.52006 4.57042 0.0928009 -0.0130675 -2.35756 0.610968 0.338246 1.03814
5.63974 4.7168 -0.579728 -0.407328 -2.121 -0.863877 -0.506436 0.778607
5.6788 5.48545 -0.43736 -0.0720728 -1.31273 0.0914371 0.215321 1.55721
5.61771 5.82253 -0.887264 0.396627 -1.58007 -0.866867 0.903082 0.519071
5.74894 6.17476 -0.593219 0.489127 -2.30382 0.56656 0.178229 0.519071
6.46268 7.17089 -0.970516 -0.945238 0.00684714 -0.181742 -0.690928 2.07629
6.28437 7.02374 -0.955735 -0.926318 1.36382 0.0569573 0.0729097 0.259536
6.36894 7.15466 -0.378315 -0.90479 0.529405 0.014639 0.000545797 39.4494
6.58887 7.33109 0.60392 -0.392639 0.32068 0.378511 0.197361 2.59536
6.67863 7.34813 -0.426997 -0.80638 0.285358 -0.993176 -0.398594 1.03814
6.35397 7.43456 0.43687 0.740241 2.4024 0.20806 0.3725 4.15257
6.00636 7.52776 0.274288 0.142362 -3.11427 -0.15663 -0.575992 1.03814
5.59311 7.45322 0.809349 0.224578 -2.7892 0.687297 0.105608 0.778607
4.8476 7.32809 0.423387 -0.941983 2.35592 -0.297466 -0.899084 1.29768
4.82348 7.55809 -0.0381847 -0.916158 1.00358 -0.355739 0.0199041 1.29768
4.82721 7.56412 0.0563911 -0.269071 1.00777 0.121485 0.831197 0.778607
4.75932 7.47705 -0.269687 0.755045 0.755426 -0.314141 0.986624 1.03814
4.55256 7.40848 -0.308515 0.794247 -0.126675 -0.049876 0.0503554 0.778607
4.41206 7.72503 -0.792728 0.990041 -2.33344 -0.621982 0.251501 0.778607
4.45849 8.20569 0.991019 -0.560025 1.56018 0.763754 -0.663697 2.33582
4.64335 8.5369 0.533346 -0.567741 0.560428 -0.881836 -0.0148677 0.519071
4.91598 8.6141 0.20188 -0.152114 0.0810799 -0.425775 0.533882 0.778607
5.25837 8.6198 0.678218 -0.0171705 -0.0185464 0.611866 0.173338 0.778607
5.83063 8.66845 -0.0422344 0.546851 0.357153 -0.396615 0.310499 1.81675
5.59894 8.64788 -0.0786404 0.473554 -0.16522 -0.00935285 -0.0188304 3.89304
5.8742 8.62577 0.38289 -0.00985964 -0.0433625 0.254077 -0.266124 1.81675
6.05593 8.61395 -0.148905 -0.39608 -0.0832332 -0.341551 -0.248054 1.55721
6.38757 8.76412 0.477816 0.886798 1.11186 0.268346 0.549295 2.33582
6.29444 9.25002 0.0835694 -0.67654 1.82217 -0.217037 -0.860632 1.81675
6.27884 9.37434 0.400099 -0.202787 1.61275 0.609883 0.91282 0.519071
6.52883 9.17942 -0.843039 -0.94533 -2.9883 -0.798419 -0.476907 1.55721
6.68371 9.29802 -0.717475 -0.765458 -2.04579 0.483869 0.69315 0.259536
6.68625 9.56847 0.000935821 -0.398905 -1.19981 0.922814 0.470845 0.778607
6.71591 9.44712 0.482015 -0.554494 -1.4758 0.926935 -0.299787 0.519071