0.5 0.5 0 0 1.5708 0 0 0
0.47169 1.00387 0.974739 0.104019 1.71121 0.940504 0.100366 1.03646
0.410614 1.41078 0.613896 -0.210849 1.64223 -0.696338 -0.607619 0.518229
0.407599 1.64327 -0.165082 0.386228 1.5616 -0.751619 0.576107 1.03646
0.385168 1.7742 0.422704 0.620745 1.91992 0.567142 0.22628 1.03646
0.340632 1.85855 0.315819 0.619473 2.19321 -0.412526 -0.00490906 0.259115
0.330742 1.8748 -0.279667 0.277365 2.31725 -0.574571 -0.330093 1.03646
0.617561 1.61303 -0.477841 -0.716332 2.77723 -0.191214 -0.958797 1.03646
0.742373 1.59295 -0.0131939 -0.524868 -3.11716 0.896656 0.369479 0.518229
0.357637 2.15494 0.431341 -0.570193 1.14802 0.114379 -0.0116623 3.88672
0.768523 2.38258 0.123772 -0.560187 -0.131644 -0.169581 0.00551709 1.8138
0.930476 2.34018 0.307605 -0.0466683 -0.319509 0.236503 0.660644 0.777344
0.991933 2.32004 0.191608 0.18431 -0.303929 -0.447696 0.891465 0.259115
1.36797 2.21966 0.409347 -0.14064 -0.300353 0.168073 -0.25083 1.29557
1.61423 2.09978 0.654146 -0.482561 -0.675317 0.472403 -0.659825 0.518229
1.71344 1.9834 0.534652 -0.696299 -1.08636 -0.461188 -0.824926 0.259115
1.74811 1.86539 -0.216222 -0.535291 -1.48493 -0.966003 0.207138 0.777344
1.54261 2.42359 -0.936019 0.180264 -1.22555 -0.694516 0.690424 1.03646
1.38684 2.95292 0.326799 -0.776016 -1.33436 0.696266 -0.527253 1.8138
1.3258 3.4963 -0.930639 0.258293 -1.59351 -0.6933 0.570275 1.8138
1.36352 3.74234 -0.995997 0.244498 -1.84985 -0.252251 -0.0532405 0.259115
1.45789 3.97154 -0.920879 0.172074 -2.06037 0.289917 -0.27952 0.259115
1.85356 4.44165 -0.2734 0.156319 -2.47417 0.624738 -0.015202 1.03646
2.25808 4.61326 -0.417464 0.510554 -3.12644 -0.111203 0.273435 1.29557
2.3864 4.59514 -0.587132 0.586336 2.83695 -0.654838 0.292482 0.259115
2.6149 4.38726 -0.6442 0.617126 1.96009 -0.110127 0.0594177 0.518229
2.37311 3.90833 -0.0258294 0.602141 0.254335 0.340944 -0.00826217 1.8138
2.38136 3.91061 0.0918943 0.744022 0.284071 0.454356 0.547592 0.259115
2.30069 3.8957 -0.250501 0.523456 0.0813951 -0.33037 -0.21282 1.03646
2.24656 3.89497 0.0413723 0.739154 -0.0612287 0.563244 0.416246 0.518229
2.32993 3.89642 0.119629 -0.00473433 0.0503606 0.0755086 -0.717762 1.03646
2.42802 3.89675 0.132972 -0.65867 -0.0931786 0.0171652 -0.841291 0.777344
2.9806 3.69775 0.776787 0.324425 -0.23037 0.496963 0.758854 1.29557
3.20313 3.67565 0.953685 0.211645 0.0143379 0.68274 -0.435276 0.259115
3.60097 3.76478 -0.318939 0.464591 0.439228 -0.982342 0.19525 1.29557
3.7142 3.77588 0.493003 -0.579185 0.021588 0.62674 -0.805694 1.29557
3.82768 3.76392 0.389814 -0.339717 -0.208782 -0.398261 0.924232 0.259115
4.31114 3.6702 0.378634 0.727767 0.220624 -0.00862941 0.823994 1.29557
4.53873 3.82042 0.334011 0.244639 0.828537 -0.0574086 -0.621546 0.777344
4.8081 4.19503 0.854426 -0.0396059 0.981016 0.669517 -0.365682 0.777344
4.92614 4.36291 0.729954 -0.0909227 0.927898 -0.480403 -0.198058 0.259115
5.36583 4.66158 0.688807 -0.686841 -0.000911296 -0.0529356 -0.766651 0.777344
5.7546 3.95017 0.195913 0.00292032 -1.64206 -0.237791 0.332768 2.07292
5.80562 3.57451 0.793818 0.572537 -1.07481 0.769208 0.732815 0.777344
5.96052 3.40854 0.974997 0.383747 -0.601742 0.699262 -0.72864 0.259115
6.42382 3.28024 -0.0334341 0.0880817 -0.0194094 -0.973014 -0.285281 1.03646
6.64181 3.28793 0.138724 0.140698 0.0935962 0.0415278 0.0126922 4.14584
6.70745 3.29411 -0.0114998 -0.615672 0.0693547 -0.144947 -0.729806 1.03646
6.72584 3.29483 0.153604 -0.744955 0.00657186 0.637222 -0.498967 0.259115
6.73989 3.29456 -0.0450861 -0.662613 -0.0436385 -0.766849 0.3178 0.259115
6.41668 3.31514 -0.374965 0.761802 -0.395681 -0.212195 0.916258 1.55469
6.33231 3.36946 -0.403217 0.631797 -0.733407 -0.10904 -0.501755 0.259115
6.25125 3.47724 -0.644134 0.592161 -1.11318 -0.929823 -0.152977 0.259115
6.52224 4.53483 -0.597975 -0.327898 -1.78647 0.0254503 -0.507283 1.8138
6.54531 5.13595 -0.17772 0.400266 -1.71467 0.27033 0.468393 1.55469
6.55161 5.17205 0.0362587 0.244758 -1.77018 0.412927 -0.300093 0.518229
6.56484 5.50662 -0.409245 -0.567763 -1.30328 -0.245632 -0.447991 1.8138
6.55625 5.56224 0.326484 0.587542 -0.911461 0.567911 0.891784 1.29557
6.62838 5.49065 -0.129842 0.422115 -0.65142 -0.440299 -0.159617 1.03646
6.45009 5.74173 -0.474067 0.484189 -1.27035 -0.332135 0.0598936 1.03646
6.49861 6.12751 -0.557502 0.495061 -2.12527 -0.107341 0.0139864 0.777344
6.64621 6.29473 -0.305943 0.0137492 -2.38555 0.485448 -0.928815 0.518229
6.67268 6.3196 0.165764 0.0925127 -2.38684 0.91028 0.151994 0.518229
6.60546 6.24847 0.086361 0.766601 -2.21598 -0.102152 0.867217 0.777344
6.55871 6.17065 0.147441 0.0778547 -2.05805 0.0785801 -0.886075 0.777344
6.61993 6.38799 -0.499067 -0.610241 -1.58588 -0.499041 -0.531143 1.29557
6.33926 6.85956 -0.0475273 0.14837 -0.765731 0.21784 0.365984 2.07292
6.60187 6.73753 0.190305 0.662693 -0.0393205 0.0573698 0.124065 4.14584
6.64324 6.73838 0.12928 0.543887 0.0759037 -0.235526 -0.458531 0.259115
6.70333 6.7461 0.104618 0.086254 0.158663 -0.047592 -0.883121 0.518229
6.71232 6.74755 -0.0343583 0.120928 0.162028 -0.53638 0.133825 0.259115
6.73638 6.75148 0.128475 -0.0481368 0.160819 0.314229 -0.326254 0.518229
6.45279 6.58793 -0.561837 -0.698224 0.987864 -0.444044 -0.41817 1.55469
6.3931 6.49501 0.463526 -0.39015 1.53839 0.494675 0.148627 2.07292
6.46141 6.76525 0.620069 -0.322051 1.12258 0.30209 0.131413 0.518229
6.72454 7.2344 0.214484 0.691718 1.37189 -0.313072 0.782532 1.29557
6.7073 7.48568 0.4384 0.143456 1.79725 0.28807 -0.705343 0.777344