0.5 0.5 0 0 1.5708 0 0 0
0.503152 0.605103 0.405933 -0.264561 1.49553 0.783353 -0.510539 0.518229
0.69849 1.49161 0.99799 0.193884 1.48324 0.45701 0.353875 1.29557
0.633812 2.62184 0.254751 -0.336786 1.39328 -0.409792 -0.29259 1.8138
0.66353 2.49765 -0.328229 -0.623186 1.8933 -0.173078 -0.0850282 3.36849
0.693639 2.42957 0.213281 -0.389613 2.13127 0.417993 0.180296 1.29557
0.545579 3.50691 0.636219 0.0867198 1.62638 0.163234 0.183841 2.59115
0.526699 3.73276 -0.053034 -0.0524779 1.66682 -0.886728 -0.179078 0.777344
0.528438 3.90705 0.322789 -0.434908 1.42427 0.290099 -0.295199 1.29557
0.715845 4.5328 0.941385 0.34263 1.4686 0.59687 0.75023 1.03646
0.408362 5.47746 0.169201 -0.261324 1.92537 -0.425751 -0.332996 1.8138
0.663072 5.24946 -0.629238 -0.728778 2.97143 -0.513598 -0.300691 1.55469
1.12094 5.48038 -0.195278 0.080344 -2.36987 0.334975 0.624564 1.29557
1.36686 5.64926 -0.578829 0.531944 -2.80756 -0.49344 0.580985 0.777344
2.01355 5.59033 -0.691911 -0.121024 2.93266 -0.10911 -0.630035 1.03646
2.24211 5.54648 -0.206372 0.193007 2.92537 0.936971 0.606004 0.518229
2.30251 5.53253 -0.0328698 -0.268108 2.92086 0.334817 -0.889841 0.518229
2.60504 5.45895 -0.568712 0.314906 2.78095 -0.517022 0.562538 1.03646
2.9092 5.30724 -0.743941 -0.155988 2.68507 -0.338149 -0.908711 0.518229
3.57233 5.34554 -0.645681 -0.725792 -2.21625 0.0948092 -0.549791 1.03646
3.63062 5.48646 -0.543158 -0.605423 -1.72989 0.395687 0.464564 0.259115
3.60985 5.67661 -0.204013 -0.6046 -1.19433 0.654467 0.00158944 0.518229
3.39252 5.26548 0.714991 -0.712292 -2.94511 0.443363 -0.051955 2.07292
3.15478 5.301 -0.243896 0.0673242 2.69247 -0.925209 0.752235 1.03646
3.2574 5.25426 -0.191482 -0.447692 2.77647 0.101145 -0.993856 0.518229
3.63433 5.17881 -0.402992 0.151928 2.95614 -0.163265 0.462848 1.29557
3.69448 5.16894 0.285609 -0.490731 2.83829 0.664416 -0.620087 1.03646
3.62457 5.16274 -0.247073 0.641696 2.23906 -0.186899 0.397329 2.85026
3.67764 4.86893 -0.0201725 0.753518 1.22612 0.0973028 0.0479533 2.33203
3.41213 4.45939 -0.924017 -0.270012 1.05529 -0.8721 -0.987582 1.03646
3.32977 4.22753 -0.987125 -0.469323 1.44175 -0.243568 -0.769243 0.259115
4.39051 3.44092 -0.286246 0.0588337 3.01401 0.300562 0.226492 2.33203
4.40775 3.43882 0.21923 -0.187317 2.99686 0.975446 -0.475011 0.518229
4.41038 3.43454 -0.225879 0.7217 2.83428 -0.429476 0.87709 1.03646
4.4985 3.39431 0.101104 -0.700094 2.5597 0.210332 -0.914572 1.55469
4.48463 3.40097 -0.0895695 0.0252821 2.39836 -0.0735906 0.27996 2.59115
4.63976 3.17451 -0.449349 0.781341 1.77638 -0.347143 0.729504 1.03646
4.45062 2.54539 -0.578792 -0.499789 1.41578 -0.0999176 -0.988907 1.29557
4.88826 1.73251 -0.904072 -0.0161569 2.37751 -0.251084 0.373317 1.29557
5.35451 1.3623 -0.632466 -0.217535 2.64447 0.349422 -0.259074 0.777344
5.50642 1.28894 0.306929 0.385305 2.78671 0.906403 0.581667 1.03646
5.40224 1.31853 -0.0977416 0.0912966 2.9366 -0.390458 -0.283682 1.03646
5.18361 1.45054 0.230917 -0.647664 2.27297 0.0845641 -0.190135 3.88672
5.15584 1.48909 -0.184995 -0.672513 2.13662 -0.200652 -0.011988 2.07292
5.90379 1.41214 -0.131413 -0.0797228 -2.74057 0.0103401 0.114394 5.18229
6.27513 1.77627 -0.705238 -0.615839 -1.77925 -0.442938 -0.41383 1.29557
6.23473 2.09654 -0.556532 -0.139381 -1.23447 0.286967 0.919448 0.518229
6.14872 2.29129 -0.266297 -0.300575 -1.05185 0.560084 -0.311065 0.518229
6.01151 2.48244 -0.642976 -0.0930683 -0.877307 -0.726899 0.400438 0.518229
5.77102 2.79689 -0.377821 0.397174 -1.09067 0.341123 0.6307 0.777344
5.68088 3.10137 -0.853115 0.134773 -1.41714 -0.917203 -0.50637 0.518229
5.65846 4.01463 -0.55885 -0.0800471 -1.54504 0.227144 -0.16582 1.29557
5.61014 4.53229 -0.779673 -0.0373392 -1.4252 -0.28409 0.0549439 0.777344
5.52016 5.31583 -0.439528 0.159912 -1.59053 0.262559 0.152259 1.29557
5.53089 5.5014 0.200385 -0.30036 -1.69234 0.411626 -0.296071 1.55469
5.53301 5.61011 -0.480593 -0.4493 -1.4902 -0.876081 -0.191612 0.777344
5.29691 6.10005 -0.0515105 0.142424 -0.955383 0.207006 0.285471 2.07292
5.49703 5.8667 0.183533 0.153594 -0.7676 0.0503975 0.00239505 4.66406
5.4395 6.34725 -0.696948 0.740733 -2.27888 -0.424779 0.283259 2.07292
6.05655 6.48844 -0.141915 -0.568603 -2.96066 0.357026 -0.842234 1.55469
6.20613 6.5385 -0.468312 -0.221719 -2.71689 -0.629865 0.669401 0.518229
6.72511 7.16714 -0.842133 -0.327991 -1.73991 -0.288554 -0.0820314 1.29557
6.66801 7.52891 -0.603421 -0.591611 -1.00623 0.460656 -0.508723 0.518229
6.5618 7.65705 0.392868 0.332031 -0.405751 0.640865 0.594135 1.55469
6.74316 7.59959 0.0971919 0.00977491 -0.247514 -0.380389 -0.414584 0.777344