0.5 0.5 0 0 1.5708 0 0 0
0.491387 0.643237 0.0851598 0.383679 1.72228 0.0252438 0.113733 3.37396
0.395407 0.936463 0.511173 0.11834 1.99986 0.410417 -0.255626 1.03814
0.306949 1.50678 0.653562 -0.816289 0.983294 0.137176 -0.900413 1.03814
0.553591 1.61396 -0.107642 -0.660627 -0.127453 -0.733337 0.149964 1.03814
0.423292 1.60522 -0.229887 -0.601224 0.253748 -0.157026 0.0763048 0.778607
0.323608 1.57203 0.140572 0.810062 0.662235 0.158621 0.604276 2.33582
0.641855 2.08383 0.32782 -0.568433 0.76335 0.0721574 -0.531212 2.59536
1.0102 2.30898 0.50615 0.338484 0.607542 0.171801 0.873716 1.03814
1.46799 2.98964 0.027198 -0.234911 1.07529 -0.153806 -0.184134 3.11443
1.57748 3.18749 0.553803 0.181628 1.10829 0.676435 0.535053 0.778607
1.6818 3.57354 0.999979 0.336737 1.54968 0.859684 0.298862 0.519071
1.55515 4.66922 0.246655 -0.795256 0.944793 -0.414712 -0.623173 1.81675
1.60692 4.72265 0.0409636 -0.665908 0.668308 -0.396322 0.249225 0.519071
1.61267 4.28853 -0.529211 -0.786649 2.55831 -0.27465 -0.0581604 2.07629
1.73451 4.595 0.860047 -0.999329 0.0275272 0.594844 -0.0910641 2.33582
1.92116 4.4733 -0.576544 -0.635327 -1.53405 -0.922666 0.233785 1.55721
1.68554 4.73624 -0.425968 -0.925007 0.00966617 0.193419 -0.372101 0.778607
2.0264 4.31963 -0.145086 -0.413779 -2.57376 0.0773139 0.140718 3.6335
2.30713 4.56197 -0.570427 0.0925307 -2.40523 -0.40977 0.487774 1.03814
2.54485 4.71772 -0.165824 0.760567 -2.86315 0.519722 0.858107 0.778607
2.27484 4.36718 0.890774 0.502308 -1.65821 0.814333 -0.199044 1.29768
2.89021 3.72787 0.0462346 0.0594411 -0.231622 -0.406811 -0.213327 2.07629
3.00483 3.69806 0.410265 -0.258384 -0.299639 0.701407 -0.612379 0.519071
3.639 3.43225 0.916144 0.211241 -0.282609 0.48736 0.452432 1.03814
4.18651 3.39859 0.503782 0.163399 0.141823 -0.529688 -0.0614544 0.778607
4.53315 3.45527 0.850092 -0.192864 0.0994102 0.667263 -0.686442 0.519071