0.5 0.5 0 
0.584273 5.17352 0.204184 
0.61478 5.89172 0.251071 
1.06854 6.55896 0.295727 
1.42061 6.96115 0.378197 
1.28961 8.53646 1.25039 
1.19464 9.52865 1.9061 
0.869565 9.60193 2.02431 
0.724533 10.0045 1.97965 
0.558362 10.5752 1.93793 
0.792306 11.2502 1.92688 
2.35052 12.8855 1.98026 
5.01491 15.399 1.7788 
7.14179 15.4535 2.33332 
8.09695 14.5166 2.32806 
10.221 14.5659 2.06508 
10.6207 15.2449 2.15496 
11.0687 15.3136 2.17861 
14.071 12.4281 1.80549 
15.3174 11.3024 1.50771 
15.3529 8.63651 1.06687 
11.6621 8.69483 1.24072 
11 10 0 